Run: dataset2_augs
Path: /home/dsa/stenosis/rfdetr_runs/dataset2_augs
Config: T=1 (single-frame)  img_size=512  num_classes=1

==========================================================================================
Dataset: cadica_50plus_new
  videos=160  frames=2215
==========================================================================================

Per-video metrics:
  video          frames   gt    AP30   AP50   AP75 AP5095      F1      P      R    thr   Frag  FragRt
  p11_v10            20   20   0.044  0.004  0.000  0.001   0.022  0.012  0.100  0.070      0  0.0000
  p11_v14             9    9   0.230  0.028  0.000  0.004   0.118  0.125  0.111  0.290      0  0.0000
  p11_v16            18    2   0.667  0.667  0.000  0.234   0.667  0.500  1.000  0.390      0  0.0000
  p11_v17            17   16   0.590  0.154  0.000  0.027   0.276  0.308  0.250  0.270      2  0.1250
  p11_v18            14   14   0.275  0.004  0.000  0.000   0.034  0.022  0.071  0.130      0  0.0000
  p11_v8             16   16   0.051  0.003  0.000  0.001   0.022  0.014  0.062  0.110      0  0.0000
  p11_v9             11   11   0.029  0.011  0.000  0.002   0.033  0.018  0.273  0.050      0  0.0000
  p12_v1             15   18   0.051  0.005  0.000  0.001   0.024  0.014  0.111  0.090      0  0.0000
  p12_v11            10    9   0.009  0.000  0.000  0.000   0.000  0.000  0.000  0.000      0  0.0000
  p12_v16             9   26   0.040  0.001  0.000  0.000   0.008  0.004  0.154  0.020      0  0.0000
  p12_v17             1    4   0.051  0.008  0.000  0.001   0.053  0.029  0.250  0.040      0  0.0000
  p12_v2             23   23   0.010  0.001  0.000  0.000   0.005  0.003  0.304  0.020      0  0.0000
  p12_v22            10   20   0.341  0.061  0.000  0.012   0.177  0.108  0.500  0.080      0  0.0000
  p12_v7             28   28   0.364  0.364  0.067  0.132   0.476  0.357  0.714  0.280      2  0.0714
  p12_v8             23   46   0.469  0.327  0.021  0.076   0.480  0.444  0.522  0.240      1  0.0217
  p13_v10             4    4   0.008  0.000  0.000  0.000   0.003  0.001  0.250  0.000      0  0.0000
  p13_v14             4    4   0.168  0.063  0.000  0.019   0.167  0.125  0.250  0.170      0  0.0000
  p13_v5             20   20   0.233  0.045  0.000  0.009   0.136  0.103  0.200  0.180      1  0.0500
  p14_v1             19   38   0.345  0.265  0.008  0.072   0.400  0.287  0.658  0.110      0  0.0000
  p14_v10             1    2   0.050  0.011  0.000  0.002   0.017  0.008  0.500  0.020      0  0.0000
  p14_v2             18   36   0.313  0.044  0.000  0.006   0.175  0.134  0.250  0.140      0  0.0000
  p15_v1             22   66   0.306  0.024  0.000  0.004   0.058  0.667  0.030  0.530      1  0.0152
  p15_v2             22   66   0.375  0.177  0.000  0.051   0.292  0.565  0.197  0.400      0  0.0000
  p15_v3             16   32   0.441  0.094  0.000  0.020   0.231  0.196  0.281  0.160      0  0.0000
  p15_v4             24   48   0.520  0.421  0.005  0.093   0.500  0.625  0.417  0.240      0  0.0000
  p15_v5             10   14   0.361  0.253  0.006  0.043   0.360  0.250  0.643  0.150      0  0.0000
  p15_v8              5   10   0.490  0.218  0.186  0.128   0.333  0.375  0.300  0.290      0  0.0000
  p16_v1             15   15   0.112  0.036  0.002  0.012   0.108  0.064  0.333  0.110      1  0.0667
  p16_v12            16   32   0.573  0.042  0.000  0.005   0.143  0.132  0.156  0.220      1  0.0312
  p16_v13            17   14   0.060  0.051  0.006  0.016   0.101  0.057  0.429  0.090      0  0.0000
  p16_v14             6    6   0.308  0.254  0.000  0.041   0.500  0.500  0.500  0.250      0  0.0000
  p16_v22            10    9   0.102  0.049  0.000  0.007   0.138  0.082  0.444  0.120      0  0.0000
  p17_v1             13   13   0.105  0.081  0.009  0.025   0.187  0.158  0.231  0.200      0  0.0000
  p17_v12             1    1   0.200  0.017  0.000  0.005   0.031  0.016  1.000  0.020      0  0.0000
  p17_v16            11   11   0.544  0.489  0.002  0.123   0.615  0.533  0.727  0.270      0  0.0000
  p17_v18             6    5   0.188  0.090  0.000  0.012   0.200  0.200  0.200  0.390      0  0.0000
  p17_v19             9    9   0.079  0.006  0.000  0.001   0.018  0.009  0.222  0.030      0  0.0000
  p17_v4              7    7   0.068  0.027  0.000  0.004   0.070  0.040  0.286  0.060      0  0.0000
  p18_v12            24   25   0.002  0.000  0.000  0.000   0.000  0.000  0.040  0.000      0  0.0000
  p18_v4              8    8   0.900  0.900  0.098  0.386   0.875  0.875  0.875  0.330      0  0.0000
  p18_v5             16   29   0.055  0.015  0.000  0.003   0.049  0.026  0.345  0.050      0  0.0000
  p18_v7             15   15   0.652  0.647  0.013  0.185   0.640  0.800  0.533  0.370      0  0.0000
  p18_v8             17   21   0.179  0.109  0.016  0.041   0.222  0.208  0.238  0.240      0  0.0000
  p18_v9              7    7   0.982  0.982  0.144  0.303   0.933  0.875  1.000  0.390      0  0.0000
  p20_v19            16   16   0.578  0.456  0.084  0.140   0.538  0.700  0.438  0.360      1  0.0625
  p20_v2              8   12   0.473  0.063  0.001  0.014   0.158  0.115  0.250  0.160      0  0.0000
  p20_v21             9    9   0.794  0.571  0.000  0.171   0.700  0.636  0.778  0.280      0  0.0000
  p20_v22             2    4   0.507  0.417  0.000  0.125   0.571  0.667  0.500  0.280      0  0.0000
  p20_v3              7   13   0.541  0.428  0.000  0.107   0.556  1.000  0.385  0.390      0  0.0000
  p20_v4              3    3   1.000  1.000  0.000  0.352   1.000  1.000  1.000  0.430      0  0.0000
  p20_v8             21   21   0.949  0.825  0.002  0.171   0.837  0.818  0.857  0.360      3  0.1429
  p21_v11             4    4   0.750  0.198  0.000  0.060   0.333  0.500  0.250  0.320      0  0.0000
  p21_v2              3    5   0.317  0.007  0.000  0.002   0.036  0.020  0.200  0.060      0  0.0000
  p21_v8             13   13   0.853  0.820  0.003  0.213   0.783  0.900  0.692  0.470      1  0.0769
  p22_v14            12   15   0.004  0.000  0.000  0.000   0.003  0.002  0.067  0.030      0  0.0000
  p22_v21             4    4   0.019  0.000  0.000  0.000   0.000  0.000  0.000  0.000      0  0.0000
  p22_v22            11   11   0.053  0.044  0.003  0.014   0.087  0.048  0.455  0.100      2  0.1818
  p22_v32            27   27   0.184  0.000  0.000  0.000   0.001  0.000  0.037  0.020      0  0.0000
  p22_v6              9    3   0.010  0.005  0.000  0.001   0.021  0.011  0.333  0.080      0  0.0000
  p23_v1             27   27   0.024  0.001  0.000  0.000   0.007  0.003  0.370  0.020      1  0.0370
  p23_v10            24   24   0.015  0.000  0.000  0.000   0.001  0.000  0.125  0.000      1  0.0417
  p23_v11             6    4   0.267  0.092  0.004  0.023   0.222  0.143  0.500  0.230      0  0.0000
  p23_v13            13   13   0.095  0.006  0.000  0.001   0.065  0.056  0.077  0.290      0  0.0000
  p23_v18            18   17   0.406  0.056  0.000  0.011   0.205  0.182  0.235  0.290      0  0.0000
  p23_v5             12   12   0.184  0.041  0.000  0.011   0.130  0.088  0.250  0.200      1  0.0833
  p24_v12             9   36   0.241  0.061  0.000  0.010   0.169  0.217  0.139  0.200      1  0.0278
  p24_v15            29   87   0.496  0.410  0.070  0.149   0.464  0.547  0.402  0.220      2  0.0230
  p24_v18            14   14   0.106  0.094  0.023  0.043   0.173  0.096  0.929  0.070      0  0.0000
  p24_v2             25  100   0.407  0.367  0.086  0.162   0.479  0.619  0.390  0.200      2  0.0200
  p24_v22            13   13   0.143  0.143  0.052  0.060   0.256  0.151  0.846  0.130      1  0.0769
  p24_v23            19   19   0.685  0.000  0.000  0.000   0.001  0.000  0.053  0.000      0  0.0000
  p24_v3             20   20   0.204  0.198  0.021  0.076   0.236  0.144  0.650  0.130      1  0.0500
  p24_v4             29  167   0.246  0.147  0.007  0.039   0.234  0.195  0.293  0.090      1  0.0060
  p24_v5              6   35   0.206  0.113  0.031  0.043   0.246  0.267  0.229  0.140      0  0.0000
  p25_v10             9    9   0.972  0.725  0.038  0.180   0.706  0.750  0.667  0.410      1  0.1111
  p25_v14             9    9   0.038  0.032  0.005  0.012   0.080  0.045  0.333  0.080      0  0.0000
  p25_v17             9    6   0.042  0.034  0.004  0.008   0.086  0.047  0.500  0.090      0  0.0000
  p25_v5             15   15   0.002  0.000  0.000  0.000   0.001  0.001  0.133  0.000      0  0.0000
  p25_v6             18   18   0.086  0.000  0.000  0.000   0.000  0.000  0.000  0.000      0  0.0000
  p25_v7             30   30   0.107  0.005  0.000  0.001   0.033  0.022  0.067  0.140      1  0.0333
  p25_v8             21   21   0.175  0.024  0.000  0.003   0.107  0.086  0.143  0.190      1  0.0476
  p26_v1             13   11   0.742  0.254  0.000  0.060   0.471  0.667  0.364  0.430      0  0.0000
  p26_v2              4    4   0.440  0.335  0.000  0.100   0.400  1.000  0.250  0.310      0  0.0000
  p29_v10            11   11   0.023  0.004  0.000  0.001   0.032  0.017  0.182  0.070      0  0.0000
  p29_v11            14   14   0.387  0.283  0.006  0.059   0.381  0.286  0.571  0.210      3  0.2143
  p29_v4              6    6   0.571  0.571  0.000  0.159   0.522  0.353  1.000  0.170      0  0.0000
  p29_v5              4    4   0.695  0.008  0.000  0.001   0.014  0.007  0.750  0.020      0  0.0000
  p30_v1              6    6   0.897  0.578  0.000  0.157   0.667  1.000  0.500  0.600      0  0.0000
  p30_v2             19   19   0.936  0.115  0.000  0.016   0.316  0.316  0.316  0.370      1  0.0526
  p30_v3             21   21   0.986  0.181  0.000  0.023   0.381  0.381  0.381  0.300      2  0.0952
  p30_v5             19   19   0.907  0.100  0.000  0.011   0.235  0.267  0.211  0.410      0  0.0000
  p30_v6              1    1   1.000  1.000  0.000  0.208   1.000  1.000  1.000  0.190      0  0.0000
  p30_v7             14   14   1.000  0.011  0.000  0.001   0.095  0.143  0.071  0.660      0  0.0000
  p31_v10            20   40   0.350  0.010  0.000  0.001   0.043  0.025  0.150  0.060      1  0.0250
  p31_v11             5   10   0.570  0.015  0.002  0.006   0.073  0.044  0.200  0.090      0  0.0000
  p31_v12            13   29   0.420  0.028  0.000  0.004   0.083  0.105  0.069  0.230      0  0.0000
  p31_v13             1    2   0.750  0.023  0.000  0.005   0.043  0.022  0.500  0.030      0  0.0000
  p31_v18             2    2   0.518  0.000  0.000  0.000   0.000  0.000  0.000  0.000      0  0.0000
  p31_v21            16   16   0.008  0.005  0.000  0.001   0.018  0.010  0.125  0.060      0  0.0000
  p31_v5             14   14   0.677  0.238  0.000  0.047   0.250  1.000  0.143  0.420      0  0.0000
  p31_v6             18   22   0.787  0.111  0.000  0.020   0.286  0.300  0.273  0.360      0  0.0000
  p31_v7             12   18   0.150  0.061  0.000  0.007   0.105  1.000  0.056  0.440      0  0.0000
  p31_v8             19   19   0.012  0.000  0.000  0.000   0.000  0.000  0.000  0.000      0  0.0000
  p32_v10            25   25   0.710  0.002  0.000  0.000   0.037  0.034  0.040  0.410      0  0.0000
  p32_v3             33   33   0.289  0.001  0.000  0.000   0.027  0.024  0.030  0.430      0  0.0000
  p32_v4             32   32   0.356  0.000  0.000  0.000   0.013  0.009  0.031  0.130      0  0.0000
  p32_v8             19   19   0.974  0.041  0.000  0.005   0.146  0.136  0.158  0.460      0  0.0000
  p32_v9             13   13   0.195  0.000  0.000  0.000   0.002  0.001  0.077  0.020      0  0.0000
  p34_v10            12    6   0.000  0.000  0.000  0.000   0.000  0.000  0.000  0.000      0  0.0000
  p34_v6             12   12   0.467  0.179  0.000  0.056   0.324  0.240  0.500  0.250      0  0.0000
  p34_v8             25   43   0.390  0.247  0.002  0.079   0.344  0.524  0.256  0.380      4  0.0930
  p34_v9             21   21   0.818  0.685  0.022  0.201   0.698  0.682  0.714  0.320      3  0.1429
  p35_v11             5    5   0.967  0.147  0.000  0.049   0.286  0.500  0.200  0.420      0  0.0000
  p35_v3             13   13   1.000  0.293  0.000  0.057   0.538  0.538  0.538  0.310      1  0.0769
  p35_v5             13   13   0.006  0.002  0.000  0.001   0.027  0.016  0.077  0.140      0  0.0000
  p35_v6             18   25   0.024  0.001  0.000  0.000   0.019  0.013  0.040  0.120      0  0.0000
  p35_v9              7   11   0.032  0.005  0.000  0.001   0.071  0.059  0.091  0.160      0  0.0000
  p36_v14            25   25   0.093  0.000  0.000  0.000   0.001  0.001  0.040  0.020      0  0.0000
  p36_v18            14   14   0.295  0.070  0.001  0.010   0.207  0.200  0.214  0.320      0  0.0000
  p36_v20             2    2   0.018  0.000  0.000  0.000   0.000  0.000  0.000  0.000      0  0.0000
  p36_v22            10   10   0.004  0.000  0.000  0.000   0.001  0.000  0.100  0.000      0  0.0000
  p36_v24            18   18   0.004  0.000  0.000  0.000   0.002  0.001  0.056  0.020      0  0.0000
  p36_v25            28   56   0.278  0.052  0.003  0.013   0.189  0.169  0.214  0.250      1  0.0179
  p36_v3             23   23   0.159  0.000  0.000  0.000   0.000  0.000  0.000  0.000      0  0.0000
  p36_v4             10   10   0.109  0.000  0.000  0.000   0.002  0.001  0.200  0.000      0  0.0000
  p37_v1             14   14   0.038  0.000  0.000  0.000   0.006  0.003  0.071  0.040      0  0.0000
  p37_v11            11   11   0.596  0.001  0.000  0.000   0.009  0.005  0.091  0.050      0  0.0000
  p37_v3             18   18   0.368  0.000  0.000  0.000   0.000  0.000  0.000  0.000      0  0.0000
  p37_v5              8    8   0.861  0.500  0.014  0.101   0.615  0.800  0.500  0.370      0  0.0000
  p38_v2              7    7   1.000  0.128  0.000  0.039   0.286  0.286  0.286  0.250      0  0.0000
  p38_v6             16   16   0.496  0.168  0.001  0.048   0.286  0.212  0.438  0.230      1  0.0625
  p38_v8             13   13   0.937  0.722  0.000  0.143   0.786  0.733  0.846  0.460      2  0.1538
  p39_v10            12   32   0.349  0.188  0.002  0.048   0.338  0.308  0.375  0.170      0  0.0000
  p39_v15             6    6   0.808  0.554  0.056  0.184   0.625  0.500  0.833  0.230      0  0.0000
  p39_v16             5   14   0.235  0.174  0.000  0.025   0.308  0.333  0.286  0.170      0  0.0000
  p39_v18            13   13   0.000  0.000  0.000  0.000   0.000  0.000  0.000  0.000      0  0.0000
  p39_v2             18   36   0.479  0.023  0.002  0.007   0.068  0.039  0.250  0.050      4  0.1111
  p39_v3             11   11   0.585  0.296  0.000  0.041   0.385  0.333  0.455  0.230      1  0.0909
  p39_v6             10   10   0.925  0.623  0.140  0.283   0.636  0.583  0.700  0.220      0  0.0000
  p39_v7              5   10   0.823  0.819  0.095  0.217   0.720  0.600  0.900  0.170      0  0.0000
  p40_v1             21   42   0.183  0.107  0.002  0.030   0.185  0.118  0.429  0.100      4  0.0952
  p40_v12             9    9   0.989  0.989  0.014  0.304   0.947  0.900  1.000  0.370      0  0.0000
  p40_v3             18   36   0.052  0.006  0.000  0.001   0.037  0.021  0.167  0.060      3  0.0833
  p40_v4             10   20   0.662  0.614  0.044  0.170   0.645  0.909  0.500  0.420      0  0.0000
  p40_v7              5   10   0.590  0.538  0.010  0.124   0.571  1.000  0.400  0.380      0  0.0000
  p41_v10            21   21   0.481  0.001  0.000  0.000   0.012  0.007  0.048  0.110      0  0.0000
  p41_v13            15   15   0.004  0.000  0.000  0.000   0.002  0.001  0.067  0.020      0  0.0000
  p41_v18            28   56   0.012  0.000  0.000  0.000   0.002  0.001  0.143  0.000      2  0.0357
  p41_v2              8   16   0.041  0.002  0.000  0.000   0.010  0.005  0.250  0.020      1  0.0625
  p41_v20            14   28   0.006  0.000  0.000  0.000   0.003  0.002  0.036  0.030      0  0.0000
  p41_v21            29   29   0.002  0.000  0.000  0.000   0.003  0.002  0.138  0.020      2  0.0690
  p41_v3             14   14   0.007  0.000  0.000  0.000   0.001  0.000  0.071  0.000      0  0.0000
  p41_v4              5    5   0.023  0.000  0.000  0.000   0.000  0.000  0.000  0.000      0  0.0000
  p41_v6             28   28   0.626  0.284  0.000  0.059   0.448  0.433  0.464  0.250      0  0.0000
  p41_v7             11   22   0.018  0.000  0.000  0.000   0.002  0.001  0.091  0.000      0  0.0000
  p41_v8             16   32   0.013  0.000  0.000  0.000   0.002  0.001  0.062  0.020      0  0.0000
  p42_v10             8    8   0.494  0.387  0.004  0.088   0.462  0.600  0.375  0.250      1  0.1250
  p42_v2             15   15   0.000  0.000  0.000  0.000   0.000  0.000  0.000  0.000      0  0.0000
  p42_v5             16   32   0.229  0.000  0.000  0.000   0.000  0.000  0.000  0.000      0  0.0000
  p42_v7             16   16   0.008  0.000  0.000  0.000   0.003  0.002  0.250  0.000      3  0.1875

MACRO mean across videos:
  AP30     0.3567
  AP50     0.1701
  AP75     0.0090
  AP5095   0.0474
  F1       0.2261
  Frag     0.438
  FragRate 0.0200

MICRO pooled across all frames:
  AP30     0.2272
  AP50     0.0543
  AP75     0.0012
  AP5095   0.0124
  F1       0.1629
  P        0.1422
  R        0.1907
  thr      0.2200
  Frag     70   (over 3089 track-frames)
  FragRate 0.0227

==========================================================================================
Dataset: dataset2_split_test
  videos=31  frames=1252
==========================================================================================

Per-video metrics:
  video          frames   gt    AP30   AP50   AP75 AP5095      F1      P      R    thr   Frag  FragRt
  14_002_v5          31   31   0.970  0.629  0.007  0.132   0.754  0.767  0.742  0.430      2  0.0645
  14_002_v8          20   20   0.902  0.881  0.176  0.371   0.857  1.000  0.750  0.420      0  0.0000
  14_006_v1         113  113   0.373  0.035  0.000  0.005   0.122  0.093  0.177  0.210     11  0.0973
  14_015_v1          67   67   0.839  0.663  0.067  0.252   0.654  0.875  0.522  0.570      4  0.0597
  14_029_v1          41   41   0.021  0.016  0.000  0.004   0.050  0.027  0.390  0.060      3  0.0732
  14_029_v2          51   51   0.377  0.055  0.000  0.007   0.176  0.141  0.235  0.170      4  0.0784
  14_029_v4          51   51   0.105  0.029  0.000  0.004   0.111  0.086  0.157  0.230      7  0.1373
  14_029_v5          71   71   0.821  0.419  0.003  0.109   0.503  0.455  0.563  0.310      6  0.0845
  14_029_v6          71   71   0.398  0.079  0.000  0.016   0.193  0.168  0.225  0.300      1  0.0141
  14_029_v7          41   41   0.561  0.059  0.000  0.009   0.192  0.219  0.171  0.330      1  0.0244
  14_032_v4          46   46   0.021  0.003  0.000  0.000   0.011  0.008  0.022  0.130      0  0.0000
  14_032_v6          46   46   0.131  0.026  0.000  0.004   0.103  0.070  0.196  0.130      3  0.0652
  14_032_v7          41   41   0.012  0.001  0.000  0.000   0.016  0.009  0.073  0.070      0  0.0000
  14_066_v10         41   41   0.189  0.115  0.002  0.030   0.243  0.189  0.341  0.230      1  0.0244
  14_066_v2          36   36   0.155  0.041  0.001  0.007   0.145  0.092  0.333  0.140      1  0.0278
  14_066_v3          16   16   0.946  0.601  0.028  0.174   0.667  0.714  0.625  0.430      2  0.1250
  14_066_v7          36   36   0.536  0.497  0.009  0.122   0.543  0.446  0.694  0.210      2  0.0556
  14_066_v8          51   51   0.787  0.377  0.004  0.087   0.535  0.540  0.529  0.450      5  0.0980
  14_066_v9          16   16   0.174  0.012  0.000  0.003   0.080  0.111  0.062  0.350      0  0.0000
  14_083_v1          29   29   0.345  0.144  0.000  0.030   0.217  0.143  0.448  0.160      4  0.1379
  14_083_v6          34   34   0.898  0.623  0.010  0.148   0.708  0.742  0.676  0.470      5  0.1471
  14_083_v7          21   21   0.785  0.575  0.010  0.119   0.615  0.667  0.571  0.330      4  0.1905
  14_091_v1          11   11   0.065  0.043  0.003  0.016   0.086  0.045  0.727  0.060      2  0.1818
  14_096_v2          51   51   0.214  0.153  0.001  0.034   0.283  0.183  0.627  0.100      7  0.1373
  14_096_v3          46   46   0.992  0.893  0.000  0.201   0.915  0.896  0.935  0.350      2  0.0435
  14_096_v4          41   41   1.000  0.961  0.044  0.245   0.976  0.976  0.976  0.320      1  0.0244
  14_096_v5          46   46   0.154  0.000  0.000  0.000   0.001  0.001  0.109  0.000      3  0.0652
  14_096_v6          51   51   0.055  0.001  0.000  0.000   0.004  0.002  0.137  0.020      4  0.0784
  14_099_v5          15   15   0.237  0.181  0.006  0.063   0.364  0.333  0.400  0.220      0  0.0000
  14_099_v6          14   14   1.000  0.962  0.176  0.352   0.966  0.933  1.000  0.300      0  0.0000
  14_099_v8           7    7   0.878  0.712  0.001  0.127   0.769  0.833  0.714  0.310      0  0.0000

MACRO mean across videos:
  AP30     0.4820
  AP50     0.3157
  AP75     0.0177
  AP5095   0.0862
  F1       0.3825
  Frag     2.742
  FragRate 0.0657

MICRO pooled across all frames:
  AP30     0.3950
  AP50     0.2022
  AP75     0.0039
  AP5095   0.0485
  F1       0.3031
  P        0.4356
  R        0.2324
  thr      0.4400
  Frag     85   (over 1252 track-frames)
  FragRate 0.0679

